F 0,0 32,32 32,32
F 32,0 32,32 32,32
F 64,0 32,32 32,32
F 96,0 32,32 32,32
F 128,0 32,32 32,32 
F 160,0 32,32 32,32 
F 192,0 32,32 32,32 
F 224,0 32,32 32,32 
F 0,32 32,32 32,32 
F 32,32 32,32 32,32 
F 64,32 32,32 32,32 
F 96,32 32,32 32,32 
F 128,32 32,32 32,32 
F 160,32 32,32 32,32 
F 192,32 32,32 32,32 
F 224,32 32,32 32,32 
F 0,64 32,32 32,32
F 32,64 32,32 32,32
F 64,64 32,32 32,32
F 128,64 32,32 32,32 
F 160,64 32,32 32,32 
F 192,64 32,32 32,32
F 0,96 32,32 32,32
F 32,96 32,32 32,32
F 64,96 32,32 32,32
F 96,96 32,32 32,32
F 128,96 32,32 32,32 
F 160,96 32,32 32,32 
F 192,96 32,32 32,32

AL 26,8,0,0,0 28,8,0,0,0 27,8,0,0,0 28,8,0,0,0
AL 22,8,0,0,0 23,8,0,0,0 24,8,0,0,0 25,8,0,0,0 24,8,0,0,0 23,8,0,0,0
AL 4,8,0,0,0 5,8,0,0,0 6,8,0,0,0 7,8,0,0,0 6,8,0,0,0 5,8,0,0,0
AL 0,8,0,0,0 1,8,0,0,0 2,8,0,0,0 3,8,0,0,0 2,8,0,0,0 1,8,0,0,0
AL 19,8,0,0,0 20,8,0,0,0 21,8,0,0,0 20,8,0,0,0
AL 12,8,0,0,0 13,8,0,0,0 14,8,0,0,0 15,8,0,0,0 14,8,0,0,0 13,8,0,0,0
AL 8,8,0,0,0 9,8,0,0,0 10,8,0,0,0 11,8,0,0,0 10,8,0,0,0 9,8,0,0,0
AL 16,8,0,0,0 17,8,0,0,0 18,8,0,0,0 17,8,0,0,0
AL 26,8,0,0,0 28,8,0,0,0 27,8,0,0,0 28,8,0,0,0
AL 22,8,0,0,0 23,8,0,0,0 24,8,0,0,0 25,8,0,0,0 24,8,0,0,0 23,8,0,0,0
AL 4,8,0,0,0 5,8,0,0,0 6,8,0,0,0 7,8,0,0,0 6,8,0,0,0 5,8,0,0,0
AL 1,8,0,0,0 2,8,0,0,0 3,8,0,0,0 4,8,0,0,0 3,8,0,0,0 2,8,0,0,0
AL 19,8,0,0,0 20,8,0,0,0 21,8,0,0,0 20,8,0,0,0
AL 12,8,0,0,0 13,8,0,0,0 14,8,0,0,0 15,8,0,0,0 14,8,0,0,0 13,8,0,0,0
AL 8,8,0,0,0 9,8,0,0,0 10,8,0,0,0 11,8,0,0,0 10,8,0,0,0 9,8,0,0,0
AL 16,8,0,0,0 17,8,0,0,0 18,8,0,0,0 17,8,0,0,0