F 0,0 32,32 16,16
F 32,0 32,32 16,16
F 0,32 32,32 16,16
F 32,32 32,32 16,16

A- 0,3,0,0,0 1,3,0,0,0 2,3,0,0,0 3,3,0,0,0
A- 0,3,0,0,0 1,3,0,0,0 2,3,0,0,0 3,3,0,0,0
A- 0,3,0,0,0 1,3,0,0,0 2,3,0,0,0 3,3,0,0,0
A- 0,3,0,0,0 1,3,0,0,0 2,3,0,0,0 3,3,0,0,0
A- 0,3,0,0,0 1,3,0,0,0 2,3,0,0,0 3,3,0,0,0
A- 0,3,0,0,0 1,3,0,0,0 2,3,0,0,0 3,3,0,0,0
A- 0,3,0,0,0 1,3,0,0,0 2,3,0,0,0 3,3,0,0,0
A- 0,3,0,0,0 1,3,0,0,0 2,3,0,0,0 3,3,0,0,0
A- 0,3,0,0,0 1,3,0,0,0 2,3,0,0,0 3,3,0,0,0
A- 0,3,0,0,0 1,3,0,0,0 2,3,0,0,0 3,3,0,0,0
A- 0,3,0,0,0 1,3,0,0,0 2,3,0,0,0 3,3,0,0,0
A- 0,3,0,0,0 1,3,0,0,0 2,3,0,0,0 3,3,0,0,0
A- 0,3,0,0,0 1,3,0,0,0 2,3,0,0,0 3,3,0,0,0
A- 0,3,0,0,0 1,3,0,0,0 2,3,0,0,0 3,3,0,0,0
A- 0,3,0,0,0 1,3,0,0,0 2,3,0,0,0 3,3,0,0,0
A- 0,3,0,0,0 1,3,0,0,0 2,3,0,0,0 3,3,0,0,0