F 0,0 48,64 48,64
F 48,0 48,64 48,64
F 96,0 48,64 48,64
F 144,0 48,64 48,64
F 192,0 64,64 64,64
F 256,0 64,64 64,64
F 320,0 64,64 64,64
F 384,0 64,64 64,64
F 448,0 64,64 64,64
F 0,64 64,64 64,64
F 64,64 64,64 64,64
F 128,64 64,64 64,64
F 192,64 64,64 64,64
F 256,64 64,64 64,64
F 320,64 48,64 48,64
F 368,64 48,64 48,64
F 416,64 48,64 48,64
F 464,64 48,64 48,64
F 0,128 48,64 48,64

A- 0,1,0,16,0 1,1,0,16,0 2,1,0,16,0 3,1,0,16,0 4,1,0,16,0 5,1,0,16,0 6,1,0,16,0 7,1,0,16,0 8,1,0,16,0 9,1,0,16,0 10,1,0,16,0 11,1,0,16,0 12,1,0,16,0 13,1,0,16,0 14,1,0,16,0 15,1,0,16,0 16,1,0,16,0
A- 0,1,0,16,0 1,1,0,16,0 2,1,0,16,0 3,1,0,16,0 4,1,0,16,0 5,1,0,16,0 6,1,0,16,0 7,1,0,16,0 8,1,0,16,0 9,1,0,16,0 10,1,0,16,0 11,1,0,16,0 12,1,0,16,0 13,1,0,16,0 14,1,0,16,0 15,1,0,16,0 16,1,0,16,0
A- 0,1,0,16,0 1,1,0,16,0 2,1,0,16,0 3,1,0,16,0 4,1,0,16,0 5,1,0,16,0 6,1,0,16,0 7,1,0,16,0 8,1,0,16,0 9,1,0,16,0 10,1,0,16,0 11,1,0,16,0 12,1,0,16,0 13,1,0,16,0 14,1,0,16,0 15,1,0,16,0 16,1,0,16,0
A- 0,1,0,16,0 1,1,0,16,0 2,1,0,16,0 3,1,0,16,0 4,1,0,16,0 5,1,0,16,0 6,1,0,16,0 7,1,0,16,0 8,1,0,16,0 9,1,0,16,0 10,1,0,16,0 11,1,0,16,0 12,1,0,16,0 13,1,0,16,0 14,1,0,16,0 15,1,0,16,0 16,1,0,16,0
A- 0,1,0,16,0 1,1,0,16,0 2,1,0,16,0 3,1,0,16,0 4,1,0,16,0 5,1,0,16,0 6,1,0,16,0 7,1,0,16,0 8,1,0,16,0 9,1,0,16,0 10,1,0,16,0 11,1,0,16,0 12,1,0,16,0 13,1,0,16,0 14,1,0,16,0 15,1,0,16,0 16,1,0,16,0
A- 0,1,0,16,0 1,1,0,16,0 2,1,0,16,0 3,1,0,16,0 4,1,0,16,0 5,1,0,16,0 6,1,0,16,0 7,1,0,16,0 8,1,0,16,0 9,1,0,16,0 10,1,0,16,0 11,1,0,16,0 12,1,0,16,0 13,1,0,16,0 14,1,0,16,0 15,1,0,16,0 16,1,0,16,0
A- 0,1,0,16,0 1,1,0,16,0 2,1,0,16,0 3,1,0,16,0 4,1,0,16,0 5,1,0,16,0 6,1,0,16,0 7,1,0,16,0 8,1,0,16,0 9,1,0,16,0 10,1,0,16,0 11,1,0,16,0 12,1,0,16,0 13,1,0,16,0 14,1,0,16,0 15,1,0,16,0 16,1,0,16,0
A- 0,1,0,16,0 1,1,0,16,0 2,1,0,16,0 3,1,0,16,0 4,1,0,16,0 5,1,0,16,0 6,1,0,16,0 7,1,0,16,0 8,1,0,16,0 9,1,0,16,0 10,1,0,16,0 11,1,0,16,0 12,1,0,16,0 13,1,0,16,0 14,1,0,16,0 15,1,0,16,0 16,1,0,16,0