B2 5,10 30,30
B2 10,14 30,30
B2 4,9 30,30
B2 1,3 30,30
S1 5,20 20,40
S1 5,15 20,40
S1 11,52 20,40
S1 12,52 20,40
S1 11,60 20,40
S1 11,62 20,40
S1 6,70 20,40
S1 15,15 20,40
B3 4,95 30,30
B3 6,100 30,30
B3 12,95 30,30
B3 14,100 30,30
B3 5,105 30,30
B3 7,105 30,30
B3 9,105 30,30
S1 5,100 20,40
B2 6,122 30,30
S2 2,150 30,30
S2 12,160 30,30
S2 6,170 30,30
B3 8,165 30,30
B2 12,182 30,30
B2 14,180 30,30
B2 4,199 30,30
S1 5,201 20,40
S1 15,10 20,40
S1 15,11 20,40
B3 3,240 30,30
B3 13,240 30,30
B3 10,260 30,30
B3 5,260 30,30