B1 3,20 30,30
B1 2,20 30,30
B1 4,20 30,30
B1 6,38 30,30
B1 7,38 30,30
B1 8,38 30,30
B1 8,50 30,30
B1 8,70 30,30
B1 10,70 30,30
B1 6,70 30,30
B1 4,70 30,30
B1 4,85 30,30
B1 9,90 30,30
B1 4,90 30,30
B1 2,85 30,30 0,-5,10 4,0,100 -4,0,100
B1 2,98 30,30 0,-5,10 4,0,100 -4,0,100
B2 3,60 30,30 0,-5,10 4,0,100 -4,0,100
B2 6,120 30,30
B2 10,100 30,30
B2 5,95 30,30
B1 12,55 30,30
B3 5,80 30,30 0,2,10 4,0,100 -4,0,100
B3 3,120 30,30 0,2,10 4,0,100 -4,0,100
B3 8,115 30,30 0,2,10 4,0,100 -4,0,100
B3 5,130 30,30 0,2,10 4,0,100 -4,0,100
B3 7,90 30,30
B1 13,75 30,30
S1 4,50 20,40 0,2,10 4,0,100 -4,0,100
S1 12,50 20,40 0,2,10 0,-4,100 4,0,100
S2 7,70 20,40 0,4,10 0,-4,100