B2 3,20 30,30
B2 6,20 30,30
B2 9,20 30,30
B2 12,20 30,30
B3 5,24 30,30
B3 10,24 30,30
S2 7,30 20,40
S2 9,35 20,40
S2 8,40 20,40
S2 7,45 20,40
S2 6,50 20,40
S2 8,55 20,40
B3 6,60 30,30
B2 5,63 30,30
B3 4,65 30,30
S1 13,67 20,40
S1 11,75 20,40
B2 8,76 30,30
B3 3,78 30,30
B2 6,80 30,30
S2 10,87 20,40
B2 14,96 30,30
B2 14,99 30,30
B2 14,104 30,30
B2 6,102 30,30
B2 6,105 30,30
B2 10,96 30,30
B2 10,100 30,30
S1 1,102 20,40
S1 0,104 20,40
S1 1,106 20,40
S1 0,108 20,40
S2 9,115 20,40
B2 7,125 30,30
B2 9,125 30,30
B2 4,138 30,30 
B3 4,140 30,30
B2 5,142 30,30
B3 5,144 30,30
S2 8,153 20,40
B2 10,170 30,30
B2 13,170 30,30
B3 11,173 30,30
S1 10,175 20,40
S1 13,175 20,40
B3 4,178 30,30
B3 4,181 30,30
B3 4,185 30,30
S2 1,186 20,40
S2 1,188 20,40