F 0,16 32,32 32,32
F 32,0 32,48 32,48
F 64,16 32,32 32,32
F 128,0 32,48 32,48
F 0,48 32,32 32,32
F 32,48 32,32 32,32
F 64,48 32,32 32,32

AL 0,1,0,0,0
AL 0,1,0,0,180
AL 0,1,0,0,90
AL 0,1,0,0,270
AL 0,1,0,0,45
AL 0,1,0,0,135
AL 0,1,0,0,225
AL 0,1,0,0,315
AL 4,8,0,0,0 5,8,0,0,0 6,8,0,0,0 5,8,0,0,0
AL 4,8,0,0,180 5,8,0,0,180 6,8,0,0,180 5,8,0,0,180
AL 4,8,0,0,90 5,8,0,0,90 6,8,0,0,90 5,8,0,0,90
AL 4,8,0,0,270 5,8,0,0,270 6,8,0,0,270 5,8,0,0,270
AL 4,8,0,0,45 5,8,0,0,45 6,8,0,0,45 5,8,0,0,45
AL 4,8,0,0,135 5,8,0,0,135 6,8,0,0,135 5,8,0,0,135
AL 4,8,0,0,225 5,8,0,0,225 6,8,0,0,225 5,8,0,0,225
AL 4,8,0,0,315 5,8,0,0,315 6,8,0,0,315 5,8,0,0,315
A- 1,1000000,0,8,0
A- 1,1000000,0,8,180
A- 1,1000000,0,8,90
A- 1,1000000,0,8,270
A- 1,1000000,0,8,45
A- 1,1000000,0,8,135
A- 1,1000000,0,8,225
A- 1,1000000,0,8,315
A- 2,25,0,0,0 3,25,0,0,0